np 159
pt 42 0 66
pt 58 86 66
pt 97 103 66
pt 134 166 66
pt 79 180 66
pt 98 254 66
pt 103 265 66
pt 104 263 66
pt 114 274 66
pt 135 274 66
pt 275 197 66
pt 448 100 66
pt 531 59 66
pt 623 0 66
pt 683 -58 86
pt 679 -33 91
pt 674 -26 96
pt 670 -22 100
pt 663 -17 107
pt 658 -11 111
pt 658 -3 113
pt 657 -50 8.650000e+01
pt 683 -58 86
pt 688 -50 83
pt 691 -40 79
pt 692 -30 77
pt 696 -20 75
pt 696 -10 7.350000e+01
pt 697 -3 73
pt 782 0 106
pt 807 0 106
pt 850 0 105
pt 906 0 97
pt 942 0 94
pt 974 0 87
pt 1005 0 75
pt 1028 0 66
pt 782 0 49
pt 842 0 49
pt 894 0 49
pt 941 0 51
pt 977 0 53
pt 1007 0 59
pt 1028 0 66
pt 719 60 66
pt 764 58 66
pt 807 54 66
pt 857 51 66
pt 897 45 66
pt 941 36 66
pt 975 27 66
pt 1002 18 66
pt 1028 0 66
pt 514 -138 73
pt 1 0 91
pt 38 0 98
pt 62 0 101
pt 118 0 105
pt 185 0 106
pt 241 0 106
pt 301 0 106
pt 1 0 89
pt 37 0 76
pt 67 0 66
pt 109 0 62
pt 113 0 58
pt 110 0 58
pt 160 0 56
pt 161 0 56
pt 233 0 50
pt 233 0 50
pt 301 0 49
pt -1 -3 74
pt -1 -4 66
pt 22 -19 66
pt 56 -24 66
pt 91 -28 66
pt 22 -16 66
pt 53 -25 66
pt 100 -37 66
pt 150 -50 66
pt 200 -56 66
pt 260 -59 66
pt 322 -60 66
pt 454 -144 88
pt 452 -162 73
pt 449 -144 58
pt 452 -132 73
pt 495 -143 68
pt 454 -144 100
pt 446 -144 103
pt 449 102 0
pt 95 159 0
pt 103 165 0
pt 448 104 0
pt 59 -148 112
pt 83 -145 115
pt 61 -141 130
pt 76 -121 197
pt 154 -121 197
pt 227 -145 115
pt 463 156 66
pt 436 171 66
pt 404 182 66
pt 368 189 66
pt 320 195 66
pt 289 197 66
pt 238 198 66
pt 238 156 66
pt 131 165 66
pt 782 0 106
pt 802 0 106
pt 829 0 106
pt 860 0 106
pt 880 0 105
pt 905 0 89
pt 784 0 89
pt 817 -17 89
pt 862 -21 89
pt 890 -18 89
pt 890 0 100
pt 775 0 106
pt 780 0 109
pt 787 0 1.105000e+02
pt 792 0 111
pt 799 0 111
pt 833 0 111
pt 845 0 1.105000e+02
pt 877 0 110
pt 885 0 108
pt 890 0 106
pt 894 0 104
pt 906 0 97
pt 777 1 107
pt 793 12 99
pt 811 16 97
pt 833 17 94
pt 858 17 90
pt 882 15 88
pt 892 9 89
pt 905 0 90
pt 779 1 106
pt 796 3 110
pt 825 4 109
pt 844 4 109
pt 867 4 106
pt 881 3 106
pt 890 0 100
pt 657 -41 88
pt 683 -53 8.625000e+01
pt 679 -37 89
pt 674 -30 93
pt 670 -24 98
pt 663 -20 103
pt 658 -15 109
pt 658 -8 112
pt 657 -41 88
pt 460 -12 0
pt 563 108 0
nx 16
nd w 1 2 3 4 5 6 7 9 10 11 12 13 14 
nd s 15 150 22 149 151 16 152 17 153 18 154 19 155 20 156 21 
nd S 23 24 25 26 27 28 29 
nd x 33 34 35 36 37 
nd X 38 39 40 41 42 43 44 
nd y 45 46 47 48 49 50 51 52 53 
nd r 55 56 57 58 59 60 61 
nd R 62 63 64 67 69 71 72 
nd Y 74 78 79 80 81 82 83 84 
nd c 85 86 87 88 89 90 91 92 93 94 95 96 
nd f 97 98 99 100 101 
nd F 102 103 104 105 106 107 108 110 
nd z 122 123 124 125 126 127 129 130 131 132 133 
nd q 134 135 136 137 138 139 140 141 
nd Q 142 143 144 145 146 147 148 
nd ` 158 159 
