np 250
pt 0 6 0
pt 0 35 0
pt 0 81 0
pt 0 128 0
pt 0 190 0
pt 0 251 0
pt 0 317 0
pt 0 392 0
pt 0 465 0
pt 0 537 0
pt 0 621 0
pt 0 704 0
pt 0 780 0
pt 0 862 0
pt 0 951 0
pt 0 1034 0
pt 0 1113 0
pt 0 1196 0
pt 0 1285 0
pt 0 1363 0
pt 0 1441 0
pt 0 1519 0
pt 0 1599 0
pt 0 1672 0
pt 0 1744 0
pt 0 1817 0
pt 0 1880 0
pt 0 1941 0
pt 0 2003 0
pt 0 2061 0
pt 0 2105 0
pt 0 2150 0
pt 0 2194 0
pt 0 2225 0
pt 0 2248 0
pt 0 2269 0
pt 0 2283 0
pt 0 2280 0
pt 0 2272 0
pt 0 2254 0
pt 0 2217 0
pt 0 2172 0
pt 0 2103 0
pt 0 2018 0
pt 0 1912 0
pt 0 1761 0
pt 0 1586 0
pt 0 1335 0
pt 0 967 0
pt 0 0 0
pt 319 0 51
pt 326 0 50
pt 333 0 47
pt 337 0 42
pt 337 0 41
pt 180 -10 53
pt 181 2 54
pt 180 -10 54
pt 193 -10 51
pt 205 -10 53
pt 213 -4 55
pt 215 0 58
pt 248 -44 0
pt 185 0 58
pt 207 0 58
pt 224 0 58
pt 250 0 58
pt 277 0 57
pt 294 0 55
pt 305 0 55
pt 319 0 52
pt 185 0 12
pt 186 0 12
pt 212 0 12
pt 239 0 12
pt 266 0 12
pt 287 0 14
pt 297 0 16
pt 310 0 22
pt 315 0 26
pt 319 0 29
pt 297 2 55
pt 297 12 52
pt 297 15 41
pt 297 16 28
pt 297 13 14
pt 297 6 8
pt 297 2 5
pt 182 2 55
pt 182 9 54
pt 182 13 50
pt 182 15 43
pt 182 17 31
pt 182 18 24
pt 182 16 18
pt 182 14 15
pt 182 12 12
pt 182 4 9
pt 182 1 9
pt 182 0 64
pt 182 5 64
pt 182 9 59
pt 182 11 54
pt 297 0 55
pt 297 0 5
pt 182 0 55
pt 182 0 9
pt 16 0 92
pt 0 0 0
pt 0 0 0
pt 0 0 0
pt 0 0 0
pt 0 0 0
pt 14 0 45
pt 42 0 51
pt 73 0 57
pt 106 0 62
pt 0 0 0
pt 0 0 0
pt 0 0 0
pt 48 0 11
pt 15 0 34
pt 41 0 29
pt 70 0 24
pt 109 0 18
pt 148 0 13
pt 181 0 12
pt 136 0 55
pt 136 9 55
pt 136 13 50
pt 136 15 43
pt 136 17 31
pt 136 18 24
pt 136 16 18
pt 136 14 15
pt 136 12 12
pt 136 4 9
pt 136 0 9
pt 15 0 55
pt 15 4.500000e+00 55
pt 15 6.500000e+00 50
pt 15 7.500000e+00 43
pt 15 8.500000e+00 31
pt 15 9 24
pt 15 8 18
pt 15 7 15
pt 15 6 12
pt 15 2 9
pt 15 0 9
pt 123 0 60
pt 152 0 59
pt 182 0 58
pt 23 0 94
pt 9 0 85
pt 4 0 71
pt 3 0 57
pt 4 0 43
pt 12 0 35
pt 23 0 33
pt 24 0 94
pt 34 0 89
pt 41 0 78
pt 47 0 65
pt 55 0 58
pt 61 0 46
pt 52 0 35
pt 24 0 33
pt 20 -2 50
pt 13 -8 50
pt 12 -21 50
pt 12 -36 50
pt 13 -43 50
pt 19 -55 50
pt 28 -58 50
pt 57 -7 50
pt 56 -20 50
pt 52 -32 50
pt 47 -43 50
pt 39 -53 50
pt 33 -56 50
pt 180 0 11
pt 180 -40 11
pt 182 -65 14
pt 186 -90 19
pt 190 -116 21
pt 198 -142 24
pt 206 -161 26
pt 213 -179 30
pt 222 -193 32
pt 241 -204 33
pt 272 0 9
pt 271 -44 16
pt 272 -69 20
pt 270 -105 23
pt 267 -135 26
pt 263 -167 28
pt 257 -187 30
pt 250 -198 33
pt 244 -203 34
pt 169 0 65
pt 26 0 55
pt 273 -21 48
pt 283 -20 48
pt 293 -20 47
pt 294 -19 48
pt 308 -17 47
pt 308 -13 43
pt 297 -12 42
pt 282 -16 42
pt 273 -16 43
pt 164 0 44
pt 183 0 53
pt 184 -10 54
pt 191 -8 52
pt 200 -9 52
pt 194 0 68
pt 194 -7 65
pt 195 -11 53
pt 203 2 67
pt 202 -4 63
pt 200 -8 54
pt 190 0 66
pt 195 0 68
pt 200 0 68
pt 210 0 65
pt 214 0 61
pt 215 0 55
pt 215 0 59
pt 0 0 0
pt 0 0 0
pt 190 -15 44
pt 195 -15 44
pt 201 -14 44
pt 213 -10 46
pt 213 -5 56
pt 2.149000e+02 -1 59
pt 204 0 67
pt 2.036000e+02 -2 66
pt 203 -4 64
pt 200 -10 52
pt 218 -8 47
pt 212 -7 60
pt 208 -2 64
pt 208 0 65
pt 206 0 68
pt 200 -8 55
pt 159 1 65
pt 163 1 65
pt 160 1 88
pt 270 -75 30
nx 25
nd p 1 2 3 4 5 6 7 8 9 10 11 12 13 14 15 16 17 18 19 20 21 22 23 24 25 26 27 28 29 30 31 32 33 34 35 36 37 38 39 40 41 42 43 44 45 46 47 48 49 50 
nd s 51 52 53 54 55 
nd r 56 57 58 59 60 61 62 
nd a 114 115 116 117 150 151 152 64 65 66 67 68 69 70 71 
nd b 122 123 124 125 126 127 72 73 74 75 76 77 78 79 80 81 
nd c 104 82 83 84 85 86 87 88 105 
nd d 106 89 90 91 92 93 94 95 96 97 98 99 107 
nd e 100 101 102 103 92 93 94 95 96 97 98 99 107 
nd f 128 129 130 131 132 133 134 135 136 137 138 
nd g 139 140 141 142 143 144 145 146 147 148 149 
nd h 153 108 154 155 156 157 158 159 
nd i 160 161 162 163 165 167 
nd j 168 169 170 171 172 173 174 
nd k 175 176 177 178 179 180 
nd l 181 182 183 184 185 186 187 188 189 190 
nd m 191 192 193 194 195 196 197 198 199 
nd x 200 201 202 203 204 205 206 207 208 209 210 
nd y 211 212 
nd o 216 217 218 
nd q 222 223 224 244 
nd n 231 232 233 234 241 
nd t 237 238 239 240 
nd u 241 242 243 244 
nd v 245 246 
nd z 247 248 249 250 
