np 185
pt 167 126 65
pt 250 126 65
pt 462 0 69
pt 171 0 69
pt 166 155 48
pt 202 155 48
pt 30 112 31
pt 40 112 31
pt 228 0 38
pt 46 0 38
pt 1 0 168
pt 30 0 168
pt 174 0 62
pt 38 0 62
pt 683 12 39
pt 683 -12 17
pt 727 0 23
pt 42 0 62
pt 77 0 66
pt 125 0 70
pt 188 0 73
pt 274 0 76
pt 364 0 77
pt 442 0 76
pt 502 0 74
pt 549 0 71
pt 676 0 43
pt 682 0 40
pt 42 0 35
pt 76 0 25
pt 134 0 18
pt 181 0 15
pt 249 0 1.420000e+01
pt 320 0 1.350000e+01
pt 396 0 13
pt 396 0 13
pt 471 0 13
pt 546 0 13
pt 593 0 13
pt 646 0 15
pt 685 0 17
pt 92 -20 49
pt 144 -20 47
pt 187 -20 45
pt 383 -21 47
pt 432 -22 48
pt 489 -22 45
pt 536 -21 45
pt 587 -19 43
pt 627 -17 39
pt 655 -16 34
pt 670 -15 30
pt 423 -23 73
pt 452 -22 69
pt 484 -22 68
pt 520 -22 62
pt 552 -19 57
pt 582 -19 52
pt 607 -19 45
pt 632 -19 40
pt 658 -16 35
pt 684 -14 28
pt 390 -22 19
pt 430 -21 19
pt 462 -22 19
pt 494 -21 19
pt 533 -21 19
pt 572 -22 19
pt 606 -19 21
pt 633 -18 27
pt 660 -16 28
pt 684 -13 28
pt 42 -20 49
pt 436 -23 56
pt 436 -23 34
pt 457 -23 45
pt 432 -36 69
pt 427 -36 28
pt 106 0 73
pt 192 0 77
pt 278 0 78
pt 372 0 77
pt 406 0 73
pt 436 0 69
pt 34 0 66
pt 38 0 32
pt 74 0 24
pt 121 0 19
pt 172 0 15
pt 245 0 13
pt 319 0 14
pt 325 0 15
pt 371 0 19
pt 402 0 23
pt 433 0 27
pt 42 28 36
pt 60 33 36
pt 82 36 36
pt 121 39 36
pt 167 39 36
pt 215 41 36
pt 277 41 36
pt 338 42 36
pt 384 43 36
pt 416 41 36
pt 425 39 36
pt 432 35 36
pt 363 15 0
pt 425 -45 47
pt 434 -2 47
pt 433 25 69
pt 430 25 28
pt 396 25 24
pt 397 25 73
pt 30 0 62
pt 98 0 67
pt 153 0 73
pt 248 0 75
pt 305 0 75
pt 356 0 74
pt 394 0 73
pt 430 0 6.960000e+01
pt 30 0 34
pt 78 0 25
pt 132 0 18
pt 176 0 17
pt 232 0 14
pt 301 0 16
pt 358 0 19
pt 392 0 20
pt 427 0 2.060000e+01
pt 30 -35 47
pt 68 -38 48
pt 562 10 65
pt 559 5 68
pt 0 0 0
pt 0 0 0
pt 0 0 0
pt 0 0 0
pt 98 -43 49
pt 133 -47 49
pt 216 -48 49
pt 270 -49 49
pt 334 -49 49
pt 387 -49 49
pt 0 0 0
pt 424 -4.770000e+01 47
pt 30 0 50
pt 159 0 54
pt 249 0 57
pt 338 0 60
pt 395 0 56
pt 428 0 50
pt 30 0 50
pt 120 0 43
pt 204 0 35
pt 301 0 35
pt 368 0 39
pt 425 0 47
pt 676 0 37
pt 671 8 38
pt 660 12 41
pt 646 15 46
pt 632 20 49
pt 606 20 54
pt 580 15 58
pt 570 12 62
pt 556 0 70
pt 0 0 0
pt 676 0 37
pt 661 0 53
pt 647 0 62
pt 630 0 67
pt 603 0 70
pt 582 0 70
pt 556 0 70
pt 588 -4 68
pt 602 -3 67
pt 628 -1 65
pt 645 -2 60
pt 648 -5 60
pt 651 -5 60
pt 649 -7 57
pt 505 1 39
pt 684 47 176
nx 24
nd w 1 2 3 4 
nd W 177 178 179 180 181 184 
nd t 5 6 
nd e 7 8 9 10 
nd f 11 12 13 14 
nd c 15 16 17 
nd u 18 19 20 21 22 23 24 25 26 27 28 17 
nd l 29 30 31 32 33 34 35 36 37 38 39 40 41 17 
nd s 73 42 43 44 45 46 47 48 49 50 51 52 
nd 1 53 54 55 56 57 58 59 60 61 62 17 
nd 2 63 64 65 66 67 68 69 70 71 72 17 183 
nd E 74 75 76 77 78 
nd i 85 79 80 81 82 83 84 
nd I 86 87 88 89 90 92 93 94 95 
nd j 96 97 98 99 100 101 102 103 104 105 106 107 
nd p 111 112 113 114 
nd U 115 116 117 118 119 120 121 122 
nd L 123 124 125 126 127 128 129 130 131 
nd S 132 133 140 141 142 143 144 145 147 
nd 3 148 149 150 151 152 153 
nd 4 154 155 156 157 158 159 
nd a 160 161 162 163 164 165 166 167 134 135 168 
nd b 170 171 172 173 174 175 176 
nd @ 185 
