np 69
pt 632 0 51
pt 709 0 26
pt 666 19 25
pt 561 0 97
pt 623 36 26
pt 563 38 35
pt 542 27 53
pt 414 41 70
pt 527 69 31
pt 539 71 25
pt 506 57 53
pt 422 64 65
pt 407 89 30
pt 410 30 69
pt 410 0 77
pt 256 0 56
pt 287 27 60
pt 331 60 56
pt 307 89 28
pt 214 90 22
pt 243 93 27
pt 294 37 59
pt 292 74 44
pt 257 26 53
pt 256 84 27
pt 111 0 27
pt 176 13 27
pt 149 6 27
pt 214 90 27
pt 210 15 42
pt 154 4 26
pt 33 62 91
pt 63 62 91
pt 112 5 22
pt 1 61 91
pt 151 12 26
pt 33 62 91
pt 373 91 30
pt 214 90 25
pt 243 93 25
pt 529 77 25
pt 413 92 29
pt 373 91 30
pt 308 89 29
pt 243 93 27
pt 294 107 27
pt 359 107 29
pt 455 107 26
pt 156 214 23
pt 169 225 23
pt 146 203 23
pt 132 192 23
pt 114 204 23
pt 139 224 23
pt 407 89 22
pt 373 91 20
pt 359 107 19
pt 307 89 23
pt 294 107 22
pt 410 0 19
pt 111 0 23
pt 546 9 85
pt 573 9 85
pt 575 4 85
pt 577 0 85
pt 597 0 72
pt 597 7 72
pt 593 17 72
pt 548 17 72
nx 3
nd a 1 2 3 4 5 6 7 8 9 10 11 12 13 14 15 16 17 18 19 20 21 22 23 24 25 26 27 28 29 38 60 61 62 63 64 65 66 67 68 69 
nd f 30 31 32 33 34 35 36 37 
nd w 10 13 38 19 21 46 47 48 49 50 51 52 53 54 55 56 57 58 59 60 
