np 375
pt 198 71 64
pt 90 71 68
pt 8 171 64
pt 32 263 62
pt 104 267 60
pt 198 161 62
pt 266 357 56
pt 306 401 48
pt 376 401 44
pt 629 127 64
pt 799 111 60
pt 979 49 68
pt 1011 37 60
pt 1089 19 38
pt 1127 -1 42
pt 1011 -39 34
pt 1089 -19 42
pt 971 -43 52
pt 851 57 64
pt 853 -54 70
pt 797 -110 58
pt 631 -130 66
pt 376 -404 46
pt 310 -404 46
pt 264 -356 56
pt 196 -170 64
pt 108 -266 58
pt 34 -266 62
pt 8 -168 62
pt 86 -69 56
pt 200 -71 60
pt 110 -89 68
pt 192 -182 234
pt 270 -180 228
pt 344 -89 72
pt 354 89 70
pt 264 177 230
pt 186 179 234
pt 112 93 68
pt 181 88 65
pt 236 268 60
pt 267 355 54
pt 305 400 50
pt 668 88 63
pt 611 151 63
pt 496 273 62
pt 375 400 50
pt 193 120 65
pt 279 120 73
pt 464 119 76
pt 638 117 65
pt 78 0 60
pt 87 7 60
pt 205 7 60
pt 192 29 60
pt 205 41 60
pt 192 53 60
pt 205 71 60
pt 88 71 60
pt 50 119 60
pt 678 0 59
pt 678 0 63
pt 851 56 65
pt 798 109 60
pt 851 119 63
pt 678 0 105
pt 678 25 102
pt 678 51 100
pt 678 77 92
pt 678 102 78
pt 76 0 62
pt 332 0 96
pt 589 0 99
pt 851 0 99
pt 798 0 1
pt 798 22 1
pt 798 47 3
pt 796 69 4
pt 798 80 13
pt 798 93 29
pt 799 110 60
pt 798 0 63
pt 798 21 65
pt 791 45 60
pt 745 110 63
pt 679 0 96
pt 773 0 112
pt 887 0 114
pt 973 0 89
pt 1015 0 78
pt 1055 0 68
pt 1111 0 51
pt 1131 0 42
pt 679 0 3
pt 773 0 3
pt 887 0 4
pt 973 0 5
pt 1015 0 7
pt 1055 0 10
pt 1111 0 27
pt 1131 0 42
pt 890 0 105
pt 890 23 103
pt 890 44 91
pt 890 49 72
pt 890 39 54
pt 890 31 36
pt 890 10 9
pt 890 0 1
pt 107 88 65
pt 190 171 230
pt 353 85 76
pt 273 172 230
pt 81 88 58
pt 4 175 58
pt 34 263 58
pt 266 88 58
pt 106 263 58
pt 801 -2 95
pt 819 -25 94
pt 851 -27 93
pt 895 -29 90
pt 925 -27 85
pt 955 -23 81
pt 967 -15 81
pt 979 -2 81
pt 877 -2 138
pt 877 -15 135
pt 877 -21 125
pt 877 -31 104
pt 877 -39 86
pt 978 -2 103
pt 978 -10 100
pt 978 -16 96
pt 978 -20 88
pt 803 0 107
pt 821 0 112
pt 839 0 119
pt 850 0 126
pt 861 0 133
pt 877 0 134
pt 898 0 130
pt 914 0 125
pt 926 0 120
pt 942 0 105
pt 957 0 98
pt 973 0 90
pt 1130 0 43
pt 1078 29 43
pt 1044 42 44
pt 990 50 44
pt 929 56 44
pt 855 56 43
pt 792 56 43
pt 722 33 43
pt 650 0 43
pt 700 0 3
pt 700 -44 6
pt 700 -80 28
pt 700 -108 51
pt 110 0 38
pt 110 0 38
pt 189 0 25
pt 289 0 12
pt 350 0 7
pt 458 0 4
pt 604 0 3
pt 750 0 3
pt 803 0 12
pt 678 119 65
pt 48 119 65
pt 700 -106 64
pt 700 -55 80
pt 700 0 94
pt 1133 0 44
pt 1107 12 44
pt 1087 20 48
pt 1063 32 48
pt 1045 36 48
pt 1025 40 48
pt 1001 42 50
pt 975 45 52
pt 945 48 54
pt 905 53 56
pt 873 54 58
pt 849 54 58
pt 801 112 50
pt 637 112 53
pt 81 88 58
pt 1133 0 44
pt 1129 0 46
pt 1107 0 56
pt 1079 0 62
pt 1045 0 68
pt 1015 0 74
pt 965 0 82
pt 905 0 90
pt 819 0 96
pt 725 0 98
pt 605 0 100
pt 345 0 96
pt 77 0 62
pt 877 54 58
pt 877 40 65
pt 877 40 72
pt 877 38 82
pt 877 22 94
pt 877 0 96
pt 1039 0 5
pt 1039 6 7
pt 1039 10 11
pt 1039 50 69
pt 1129 0 40
pt 1115 0 34
pt 1097 0 28
pt 1075 0 24
pt 1045 0 16
pt 1009 0 14
pt 973 0 10
pt 937 0 8
pt 857 0 8
pt 795 0 8
pt 761 0 4
pt 685 0 0
pt 595 0 4
pt 477 0 4
pt 361 0 8
pt 321 0 8
pt 267 0 16
pt 209 0 22
pt 161 0 28
pt 113 0 40
pt 977 0 92
pt 961 16 86
pt 933 24 90
pt 901 28 96
pt 867 32 102
pt 839 28 106
pt 817 22 108
pt 803 0 122
pt 976 0 94
pt 941 0 109
pt 914 0 122
pt 901 0 127
pt 890 0 132
pt 879 0 133
pt 866 0 132
pt 847 0 129
pt 828 0 125
pt 806 0 119
pt 785 0 114
pt 1037 2 72
pt 681 2 102
pt 797 16 8
pt 761 70 0
pt 760 -118 68
pt 760 -110 54
pt 760 -76 10
pt 760 -72 6
pt 760 -70 4
pt 760 -65 2
pt 760 0 2
pt 841 52 68
pt 789 16 8
pt 7.576000e+02 6.186000e+01 3.820000e+00
pt 8.037000e+02 4.410000e+00 8.010000e+00
pt 8.483000e+02 5.402000e+01 5.793000e+01
pt 7.988000e+02 1.121000e+02 50
pt 839 60 55
pt 793 105 50
pt 761 67 10
pt 803 20 13
pt 767 0 221
pt 1003 -304 0
pt 629 0 96
pt 441 0 98
pt 81 86 58
pt 81 88 58
pt 89 7.010000e+01 58
pt 201 70 58
pt 192 52 58
pt 201 40 58
pt 192 28 58
pt 201 1.010000e+01 58
pt 85 10 58
pt 75 1.000000e-01 58
pt 1658 780 0
pt 52 786 0
pt 1661 780 0
pt 52 788 0
pt 1658 782 0
pt 52 788 0
pt 220 88 53
pt -116 -2 0
pt 0 0 0
pt -116 0 0
pt -6.061831e+01 -3.430573e+00 0
pt -5.975156e+01 -4.870797e+00 0
pt -5.855978e+01 -6.288605e+00 0
pt -5.758468e+01 -9.221357e+00 0
pt -5.660959e+01 -1.365411e+01 0
pt -5.563450e+01 -1.958686e+01 0
pt -5.465940e+01 -2.551961e+01 0
pt -5.357597e+01 -3.444489e+01 0
pt -5.281756e+01 -3.889259e+01 0
pt -5.162578e+01 -5.081040e+01 0
pt -5.075903e+01 -5.825062e+01 0
pt -4.978394e+01 -7.018337e+01 0
pt -4.880884e+01 -8.361613e+01 0
pt -9.333811e+01 -1.187111e+00 0
pt -9.127958e+01 -5.545143e+00 0
pt -8.922105e+01 -8.403176e+00 0
pt -8.727086e+01 -1.426868e+01 0
pt -8.532067e+01 -2.313418e+01 0
pt -8.337049e+01 -3.499969e+01 0
pt -8.131196e+01 -5.735772e+01 0
pt -7.827833e+01 -9.914851e+01 0
pt -7.546139e+01 -1.379542e+02 0
pt -7.253611e+01 -1.932525e+02 0
pt -6.950249e+01 -2.440433e+02 0
pt -6.657721e+01 -3.128415e+02 0
pt -6.354359e+01 -3.711323e+02 0
pt -6.159340e+01 -4.024978e+02 0
pt -5.975156e+01 -4.293708e+02 0
pt -5.769303e+01 -4.592288e+02 0
pt -5.465940e+01 -4.875196e+02 0
pt -5.151743e+01 -5.128029e+02 0
pt -4.967559e+01 -5.261759e+02 0
pt -4.783375e+01 -5.350489e+02 0
pt -4.480012e+01 -5.481000e+02 0
pt -4.187484e+01 -5.481379e+02 0
pt -3.992466e+01 -5.465034e+02 0
pt -3.699938e+01 -5.403017e+02 0
pt -3.407410e+01 -5.295999e+02 0
pt -3.104047e+01 -5.173907e+02 0
pt -2.714010e+01 -4.976217e+02 0
pt -2.323973e+01 -4.718527e+02 0
pt -2.020610e+01 -4.476435e+02 0
pt -1.825592e+01 -4.310090e+02 0
pt -1.641407e+01 -4.203820e+02 0
pt -1.338045e+01 -4.006728e+02 0
pt -1.034682e+01 -3.839636e+02 0
pt -6.446451e+00 -3.686946e+02 0
pt -3.412827e+00 -3.624854e+02 0
pt -1.570984e+00 -3.593583e+02 0
pt -5.958904e-01 -3.592911e+02 0
pt 228 -136 71
pt 228 -117 74
pt 228 -99 78
pt 228 -90 81
pt 228 -80 86
pt 227 -68 90
pt 228 -55 95
pt 227 -44 95
pt 227 -28 94
pt 227 -19 89
pt 227 -8 86
pt 633 128 64
pt 795 112 62
pt 851 54 64
pt 425 -130 0
pt 559 -186 0
pt 849 -152 0
pt 901 -170 0
pt 859 -38 0
pt 147 8 12
pt 133 42 12
pt 145 72 12
pt 723 0 108
pt 841 46 58
pt 937 40 48
pt 1030 0 68
pt 667 0 96
pt 733 12 0
pt 729 -164 0
nx 35
nd a 1 2 3 4 5 6 7 8 9 10 11 12 13 14 15 16 17 18 19 20 21 22 23 24 25 26 27 28 29 30 31 32 33 34 35 36 37 38 39 40 
nd b 213 214 215 216 217 218 219 220 221 222 223 224 225 226 227 228 229 230 231 232 202 
nd c 175 176 177 178 179 180 181 182 183 184 185 186 187 188 293 189 
nd C 233 234 235 236 237 238 239 250 
nd d 252 253 254 255 263 264 
nd e 233 242 243 244 245 246 247 248 249 250 251 
nd E 162 163 164 165 166 167 168 169 
nd f 358 359 360 
nd g 86 87 88 89 90 91 92 93 
nd i 265 266 267 268 
nd I 269 270 271 272 
nd j 110 111 112 113 
nd k 114 115 116 
nd l 44 45 46 47 
nd m 117 118 
nd o 157 158 159 160 172 173 174 
nd p 48 49 50 51 
nd P 347 348 349 350 351 352 353 354 355 356 357 
nd q 297 298 299 300 301 302 303 304 305 306 307 308 309 
nd Q 310 311 312 313 314 315 316 317 318 319 320 321 322 323 324 325 326 327 328 329 330 331 332 333 334 335 336 337 338 339 340 341 342 343 344 345 346 
nd r 203 204 205 206 207 208 
nd s 275 276 
nd S 278 279 280 281 282 283 284 285 286 
nd t 40 41 42 43 
nd u 119 120 121 122 123 124 125 126 
nd v 127 128 129 130 131 
nd w 132 133 134 135 
nd x 136 137 138 140 141 142 143 144 145 146 147 
nd X 366 367 368 
nd y 287 288 289 290 291 292 
nd Y 373 370 371 372 
nd z 190 192 193 194 195 196 197 198 199 200 201 202 
nd 1 209 210 211 212 
nd 2 256 257 258 259 260 261 262 
nd   374 375 
